(kicad_pcb (version 20171130) (host pcbnew "(5.1.10)-1")

  (general
    (thickness 1.6)
    (drawings 12)
    (tracks 538)
    (zones 0)
    (modules 123)
    (nets 111)
  )

  (page A4)
  (layers
    (0 Top signal)
    (31 Bottom signal)
    (32 B.Adhes user hide)
    (33 F.Adhes user hide)
    (34 B.Paste user hide)
    (35 F.Paste user hide)
    (36 B.SilkS user)
    (37 F.SilkS user)
    (38 B.Mask user)
    (39 F.Mask user)
    (40 Dwgs.User user hide)
    (41 Cmts.User user hide)
    (42 Eco1.User user hide)
    (43 Eco2.User user hide)
    (44 Edge.Cuts user)
    (45 Margin user hide)
    (46 B.CrtYd user)
    (47 F.CrtYd user)
    (48 B.Fab user hide)
    (49 F.Fab user hide)
  )

  (setup
    (last_trace_width 0.1524)
    (trace_clearance 0.2032)
    (zone_clearance 0.5)
    (zone_45_only yes)
    (trace_min 0.1524)
    (via_size 0.4064)
    (via_drill 0.2032)
    (via_min_size 0.4064)
    (via_min_drill 0.175)
    (uvia_size 0.3)
    (uvia_drill 0.1)
    (uvias_allowed no)
    (uvia_min_size 0.2)
    (uvia_min_drill 0.1)
    (edge_width 0.05)
    (segment_width 0.2)
    (pcb_text_width 0.3)
    (pcb_text_size 1.5 1.5)
    (mod_edge_width 0.12)
    (mod_text_size 1 1)
    (mod_text_width 0.15)
    (pad_size 2 2)
    (pad_drill 1)
    (pad_to_mask_clearance 0)
    (aux_axis_origin 0 0)
    (visible_elements 7FFFFFFF)
    (pcbplotparams
      (layerselection 0x310f0_ffffffff)
      (usegerberextensions false)
      (usegerberattributes true)
      (usegerberadvancedattributes true)
      (creategerberjobfile true)
      (excludeedgelayer true)
      (linewidth 0.100000)
      (plotframeref false)
      (viasonmask false)
      (mode 1)
      (useauxorigin false)
      (hpglpennumber 1)
      (hpglpenspeed 20)
      (hpglpendiameter 15.000000)
      (psnegative false)
      (psa4output false)
      (plotreference true)
      (plotvalue true)
      (plotinvisibletext false)
      (padsonsilk false)
      (subtractmaskfromsilk false)
      (outputformat 1)
      (mirror false)
      (drillshape 0)
      (scaleselection 1)
      (outputdirectory ""))
  )

  (net 0 "")
  (net 1 VCC)
  (net 2 GND)
  (net 3 VGND)
  (net 4 AUDIO_OUT)
  (net 5 VCLAMP)
  (net 6 RECT_1)
  (net 7 RECT_2)
  (net 8 RECT_3)
  (net 9 RECT_4)
  (net 10 RECT_5)
  (net 11 RECT_6)
  (net 12 RECT_7)
  (net 13 RECT_8)
  (net 14 "Net-(C5-Pad2)")
  (net 15 "Net-(C5-Pad1)")
  (net 16 "Net-(C6-Pad1)")
  (net 17 "Net-(C7-Pad2)")
  (net 18 "Net-(C9-Pad2)")
  (net 19 /Graphic_Equalzier_Schematic_1/AUDIO_IN)
  (net 20 "Net-(C10-Pad2)")
  (net 21 "Net-(C10-Pad1)")
  (net 22 "Net-(C11-Pad1)")
  (net 23 "Net-(C12-Pad2)")
  (net 24 "Net-(C14-Pad2)")
  (net 25 "Net-(C14-Pad1)")
  (net 26 "Net-(C15-Pad1)")
  (net 27 "Net-(C16-Pad2)")
  (net 28 "Net-(C18-Pad2)")
  (net 29 "Net-(C18-Pad1)")
  (net 30 "Net-(C19-Pad1)")
  (net 31 "Net-(C20-Pad2)")
  (net 32 "Net-(C22-Pad2)")
  (net 33 "Net-(C22-Pad1)")
  (net 34 "Net-(C23-Pad1)")
  (net 35 "Net-(C24-Pad2)")
  (net 36 "Net-(C26-Pad2)")
  (net 37 "Net-(C26-Pad1)")
  (net 38 "Net-(C27-Pad1)")
  (net 39 "Net-(C28-Pad2)")
  (net 40 "Net-(C30-Pad2)")
  (net 41 "Net-(C30-Pad1)")
  (net 42 "Net-(C31-Pad1)")
  (net 43 "Net-(C32-Pad2)")
  (net 44 "Net-(C34-Pad2)")
  (net 45 "Net-(C34-Pad1)")
  (net 46 "Net-(C35-Pad1)")
  (net 47 "Net-(C36-Pad2)")
  (net 48 "Net-(D9-Pad2)")
  (net 49 "Net-(D10-Pad2)")
  (net 50 "Net-(D11-Pad2)")
  (net 51 "Net-(D12-Pad2)")
  (net 52 "Net-(D13-Pad2)")
  (net 53 "Net-(D14-Pad2)")
  (net 54 "Net-(D15-Pad2)")
  (net 55 "Net-(D16-Pad2)")
  (net 56 "Net-(IC1-Pad8)")
  (net 57 "Net-(IC1-Pad5)")
  (net 58 "Net-(IC1-Pad2)")
  (net 59 "Net-(IC1-Pad1)")
  (net 60 /Graphic_Equalzier_Schematic_3/MUX_A)
  (net 61 /Graphic_Equalzier_Schematic_3/MUX_B)
  (net 62 /Graphic_Equalzier_Schematic_3/MUX_C)
  (net 63 "Net-(IC8-Pad7)")
  (net 64 /Graphic_Equalzier_Schematic_3/MUX_OUT)
  (net 65 "Net-(J1-Pad11)")
  (net 66 "Net-(J1-Pad10)")
  (net 67 "Net-(J1-Pad3)")
  (net 68 "Net-(J1-Pad2)")
  (net 69 "Net-(J2-Pad11)")
  (net 70 "Net-(J2-Pad10)")
  (net 71 "Net-(J3-PadMP4)")
  (net 72 "Net-(J3-PadMP3)")
  (net 73 "Net-(J3-PadMP2)")
  (net 74 "Net-(J3-PadMP1)")
  (net 75 "Net-(J3-Pad4)")
  (net 76 "Net-(J3-Pad3)")
  (net 77 "Net-(J3-Pad2)")
  (net 78 "Net-(U$1-PadEN)")
  (net 79 "Net-(U$1-PadD39)")
  (net 80 "Net-(U$1-PadD34)")
  (net 81 "Net-(U$1-PadD35)")
  (net 82 "Net-(U$1-PadD33)")
  (net 83 "Net-(U$1-PadD14)")
  (net 84 "Net-(U$1-PadD12)")
  (net 85 "Net-(U$1-PadD23)")
  (net 86 "Net-(U$1-PadD22)")
  (net 87 "Net-(U$1-PadD1)")
  (net 88 "Net-(U$1-PadD3)")
  (net 89 "Net-(U$1-PadD21)")
  (net 90 "Net-(U$1-PadD19)")
  (net 91 "Net-(U$1-PadD18)")
  (net 92 "Net-(U$1-PadD5)")
  (net 93 "Net-(U$1-PadD17)")
  (net 94 "Net-(U$1-PadD16)")
  (net 95 "Net-(U$1-PadD4)")
  (net 96 "Net-(U$1-PadD2)")
  (net 97 "Net-(U$1-PadD15)")
  (net 98 "Net-(U$1-Pad3V3)")
  (net 99 MUX_EN)
  (net 100 "Net-(U$1-PadGND@2)")
  (net 101 "Net-(IC4-Pad5)")
  (net 102 "Net-(IC4-Pad3)")
  (net 103 "Net-(IC5-Pad5)")
  (net 104 "Net-(IC5-Pad3)")
  (net 105 "Net-(IC6-Pad5)")
  (net 106 "Net-(IC6-Pad3)")
  (net 107 "Net-(IC7-Pad5)")
  (net 108 "Net-(IC7-Pad3)")
  (net 109 "Net-(IC1-Pad3)")
  (net 110 "Net-(R46-Pad2)")

  (net_class Default "This is the default net class."
    (clearance 0.2032)
    (trace_width 0.1524)
    (via_dia 0.4064)
    (via_drill 0.2032)
    (uvia_dia 0.3)
    (uvia_drill 0.1)
    (add_net /Graphic_Equalzier_Schematic_1/AUDIO_IN)
    (add_net /Graphic_Equalzier_Schematic_3/MUX_A)
    (add_net /Graphic_Equalzier_Schematic_3/MUX_B)
    (add_net /Graphic_Equalzier_Schematic_3/MUX_C)
    (add_net /Graphic_Equalzier_Schematic_3/MUX_OUT)
    (add_net AUDIO_OUT)
    (add_net MUX_EN)
    (add_net "Net-(C10-Pad1)")
    (add_net "Net-(C10-Pad2)")
    (add_net "Net-(C11-Pad1)")
    (add_net "Net-(C12-Pad2)")
    (add_net "Net-(C14-Pad1)")
    (add_net "Net-(C14-Pad2)")
    (add_net "Net-(C15-Pad1)")
    (add_net "Net-(C16-Pad2)")
    (add_net "Net-(C18-Pad1)")
    (add_net "Net-(C18-Pad2)")
    (add_net "Net-(C19-Pad1)")
    (add_net "Net-(C20-Pad2)")
    (add_net "Net-(C22-Pad1)")
    (add_net "Net-(C22-Pad2)")
    (add_net "Net-(C23-Pad1)")
    (add_net "Net-(C24-Pad2)")
    (add_net "Net-(C26-Pad1)")
    (add_net "Net-(C26-Pad2)")
    (add_net "Net-(C27-Pad1)")
    (add_net "Net-(C28-Pad2)")
    (add_net "Net-(C30-Pad1)")
    (add_net "Net-(C30-Pad2)")
    (add_net "Net-(C31-Pad1)")
    (add_net "Net-(C32-Pad2)")
    (add_net "Net-(C34-Pad1)")
    (add_net "Net-(C34-Pad2)")
    (add_net "Net-(C35-Pad1)")
    (add_net "Net-(C36-Pad2)")
    (add_net "Net-(C5-Pad1)")
    (add_net "Net-(C5-Pad2)")
    (add_net "Net-(C6-Pad1)")
    (add_net "Net-(C7-Pad2)")
    (add_net "Net-(C9-Pad2)")
    (add_net "Net-(D10-Pad2)")
    (add_net "Net-(D11-Pad2)")
    (add_net "Net-(D12-Pad2)")
    (add_net "Net-(D13-Pad2)")
    (add_net "Net-(D14-Pad2)")
    (add_net "Net-(D15-Pad2)")
    (add_net "Net-(D16-Pad2)")
    (add_net "Net-(D9-Pad2)")
    (add_net "Net-(IC1-Pad1)")
    (add_net "Net-(IC1-Pad2)")
    (add_net "Net-(IC1-Pad3)")
    (add_net "Net-(IC1-Pad5)")
    (add_net "Net-(IC1-Pad8)")
    (add_net "Net-(IC4-Pad3)")
    (add_net "Net-(IC4-Pad5)")
    (add_net "Net-(IC5-Pad3)")
    (add_net "Net-(IC5-Pad5)")
    (add_net "Net-(IC6-Pad3)")
    (add_net "Net-(IC6-Pad5)")
    (add_net "Net-(IC7-Pad3)")
    (add_net "Net-(IC7-Pad5)")
    (add_net "Net-(IC8-Pad7)")
    (add_net "Net-(J1-Pad10)")
    (add_net "Net-(J1-Pad11)")
    (add_net "Net-(J1-Pad2)")
    (add_net "Net-(J1-Pad3)")
    (add_net "Net-(J2-Pad10)")
    (add_net "Net-(J2-Pad11)")
    (add_net "Net-(J3-Pad2)")
    (add_net "Net-(J3-Pad3)")
    (add_net "Net-(J3-Pad4)")
    (add_net "Net-(J3-PadMP1)")
    (add_net "Net-(J3-PadMP2)")
    (add_net "Net-(J3-PadMP3)")
    (add_net "Net-(J3-PadMP4)")
    (add_net "Net-(R46-Pad2)")
    (add_net "Net-(U$1-Pad3V3)")
    (add_net "Net-(U$1-PadD1)")
    (add_net "Net-(U$1-PadD12)")
    (add_net "Net-(U$1-PadD14)")
    (add_net "Net-(U$1-PadD15)")
    (add_net "Net-(U$1-PadD16)")
    (add_net "Net-(U$1-PadD17)")
    (add_net "Net-(U$1-PadD18)")
    (add_net "Net-(U$1-PadD19)")
    (add_net "Net-(U$1-PadD2)")
    (add_net "Net-(U$1-PadD21)")
    (add_net "Net-(U$1-PadD22)")
    (add_net "Net-(U$1-PadD23)")
    (add_net "Net-(U$1-PadD3)")
    (add_net "Net-(U$1-PadD33)")
    (add_net "Net-(U$1-PadD34)")
    (add_net "Net-(U$1-PadD35)")
    (add_net "Net-(U$1-PadD39)")
    (add_net "Net-(U$1-PadD4)")
    (add_net "Net-(U$1-PadD5)")
    (add_net "Net-(U$1-PadEN)")
    (add_net "Net-(U$1-PadGND@2)")
    (add_net RECT_1)
    (add_net RECT_2)
    (add_net RECT_3)
    (add_net RECT_4)
    (add_net RECT_5)
    (add_net RECT_6)
    (add_net RECT_7)
    (add_net RECT_8)
  )

  (net_class "2.5V refs" ""
    (clearance 0.25)
    (trace_width 0.5)
    (via_dia 0.4064)
    (via_drill 0.2032)
    (uvia_dia 0.3)
    (uvia_drill 0.1)
    (add_net VCLAMP)
    (add_net VGND)
  )

  (net_class Power ""
    (clearance 0.254)
    (trace_width 0.254)
    (via_dia 0.7)
    (via_drill 0.35)
    (uvia_dia 0.3)
    (uvia_drill 0.1)
    (add_net GND)
    (add_net VCC)
  )

  (module Capacitor_SMD:C_0805_2012Metric_Pad1.18x1.45mm_HandSolder (layer Top) (tedit 5F68FEEF) (tstamp 610FB90C)
    (at 145.5674 124.33808)
    (descr "Capacitor SMD 0805 (2012 Metric), square (rectangular) end terminal, IPC_7351 nominal with elongated pad for handsoldering. (Body size source: IPC-SM-782 page 76, https://www.pcb-3d.com/wordpress/wp-content/uploads/ipc-sm-782a_amendment_1_and_2.pdf, https://docs.google.com/spreadsheets/d/1BsfQQcO9C6DZCsRaXUlFlo91Tg2WpOkGARC1WS5S8t0/edit?usp=sharing), generated with kicad-footprint-generator")
    (tags "capacitor handsolder")
    (path /6105A17D/612C0872)
    (attr smd)
    (fp_text reference C39 (at -1.6256 -1.1684) (layer F.SilkS)
      (effects (font (size 1.2065 1.2065) (thickness 0.09652)) (justify left bottom))
    )
    (fp_text value .1u (at -1.27 2.54) (layer F.Fab) hide
      (effects (font (size 1.2065 1.2065) (thickness 0.09652)) (justify left bottom))
    )
    (fp_line (start -1 0.625) (end -1 -0.625) (layer F.Fab) (width 0.1))
    (fp_line (start -1 -0.625) (end 1 -0.625) (layer F.Fab) (width 0.1))
    (fp_line (start 1 -0.625) (end 1 0.625) (layer F.Fab) (width 0.1))
    (fp_line (start 1 0.625) (end -1 0.625) (layer F.Fab) (width 0.1))
    (fp_line (start -0.261252 -0.735) (end 0.261252 -0.735) (layer F.SilkS) (width 0.12))
    (fp_line (start -0.261252 0.735) (end 0.261252 0.735) (layer F.SilkS) (width 0.12))
    (fp_line (start -1.88 0.98) (end -1.88 -0.98) (layer F.CrtYd) (width 0.05))
    (fp_line (start -1.88 -0.98) (end 1.88 -0.98) (layer F.CrtYd) (width 0.05))
    (fp_line (start 1.88 -0.98) (end 1.88 0.98) (layer F.CrtYd) (width 0.05))
    (fp_line (start 1.88 0.98) (end -1.88 0.98) (layer F.CrtYd) (width 0.05))
    (fp_text user %R (at 0 0) (layer F.Fab)
      (effects (font (size 0.5 0.5) (thickness 0.08)))
    )
    (pad 2 smd roundrect (at 1.0375 0) (size 1.175 1.45) (layers Top F.Paste F.Mask) (roundrect_rratio 0.2127659574468085)
      (net 40 "Net-(C30-Pad2)"))
    (pad 1 smd roundrect (at -1.0375 0) (size 1.175 1.45) (layers Top F.Paste F.Mask) (roundrect_rratio 0.2127659574468085)
      (net 41 "Net-(C30-Pad1)"))
    (model ${KISYS3DMOD}/Capacitor_SMD.3dshapes/C_0805_2012Metric.wrl
      (at (xyz 0 0 0))
      (scale (xyz 1 1 1))
      (rotate (xyz 0 0 0))
    )
  )

  (module Capacitor_SMD:C_0805_2012Metric_Pad1.18x1.45mm_HandSolder (layer Top) (tedit 5F68FEEF) (tstamp 610FB8FD)
    (at 151.9682 115.0112)
    (descr "Capacitor SMD 0805 (2012 Metric), square (rectangular) end terminal, IPC_7351 nominal with elongated pad for handsoldering. (Body size source: IPC-SM-782 page 76, https://www.pcb-3d.com/wordpress/wp-content/uploads/ipc-sm-782a_amendment_1_and_2.pdf, https://docs.google.com/spreadsheets/d/1BsfQQcO9C6DZCsRaXUlFlo91Tg2WpOkGARC1WS5S8t0/edit?usp=sharing), generated with kicad-footprint-generator")
    (tags "capacitor handsolder")
    (path /6105A17D/612B6A85)
    (attr smd)
    (fp_text reference C38 (at -1.65608 -1.08204) (layer F.SilkS)
      (effects (font (size 1.2065 1.2065) (thickness 0.09652)) (justify left bottom))
    )
    (fp_text value .1u (at -1.27 2.54) (layer F.Fab) hide
      (effects (font (size 1.2065 1.2065) (thickness 0.09652)) (justify left bottom))
    )
    (fp_line (start -1 0.625) (end -1 -0.625) (layer F.Fab) (width 0.1))
    (fp_line (start -1 -0.625) (end 1 -0.625) (layer F.Fab) (width 0.1))
    (fp_line (start 1 -0.625) (end 1 0.625) (layer F.Fab) (width 0.1))
    (fp_line (start 1 0.625) (end -1 0.625) (layer F.Fab) (width 0.1))
    (fp_line (start -0.261252 -0.735) (end 0.261252 -0.735) (layer F.SilkS) (width 0.12))
    (fp_line (start -0.261252 0.735) (end 0.261252 0.735) (layer F.SilkS) (width 0.12))
    (fp_line (start -1.88 0.98) (end -1.88 -0.98) (layer F.CrtYd) (width 0.05))
    (fp_line (start -1.88 -0.98) (end 1.88 -0.98) (layer F.CrtYd) (width 0.05))
    (fp_line (start 1.88 -0.98) (end 1.88 0.98) (layer F.CrtYd) (width 0.05))
    (fp_line (start 1.88 0.98) (end -1.88 0.98) (layer F.CrtYd) (width 0.05))
    (fp_text user %R (at 0 0) (layer F.Fab)
      (effects (font (size 0.5 0.5) (thickness 0.08)))
    )
    (pad 2 smd roundrect (at 1.0375 0) (size 1.175 1.45) (layers Top F.Paste F.Mask) (roundrect_rratio 0.2127659574468085)
      (net 42 "Net-(C31-Pad1)"))
    (pad 1 smd roundrect (at -1.0375 0) (size 1.175 1.45) (layers Top F.Paste F.Mask) (roundrect_rratio 0.2127659574468085)
      (net 41 "Net-(C30-Pad1)"))
    (model ${KISYS3DMOD}/Capacitor_SMD.3dshapes/C_0805_2012Metric.wrl
      (at (xyz 0 0 0))
      (scale (xyz 1 1 1))
      (rotate (xyz 0 0 0))
    )
  )

  (module Capacitor_SMD:C_0805_2012Metric_Pad1.18x1.45mm_HandSolder (layer Top) (tedit 5F68FEEF) (tstamp 61059698)
    (at 145.5901 120.616)
    (descr "Capacitor SMD 0805 (2012 Metric), square (rectangular) end terminal, IPC_7351 nominal with elongated pad for handsoldering. (Body size source: IPC-SM-782 page 76, https://www.pcb-3d.com/wordpress/wp-content/uploads/ipc-sm-782a_amendment_1_and_2.pdf, https://docs.google.com/spreadsheets/d/1BsfQQcO9C6DZCsRaXUlFlo91Tg2WpOkGARC1WS5S8t0/edit?usp=sharing), generated with kicad-footprint-generator")
    (tags "capacitor handsolder")
    (path /6105A17D/3D2CCF2A)
    (attr smd)
    (fp_text reference C30 (at -1.8261 -1.27) (layer F.SilkS)
      (effects (font (size 1.2065 1.2065) (thickness 0.09652)) (justify left bottom))
    )
    (fp_text value .1u (at -1.27 2.54) (layer F.Fab)
      (effects (font (size 1.2065 1.2065) (thickness 0.09652)) (justify left bottom))
    )
    (fp_line (start -1 0.625) (end -1 -0.625) (layer F.Fab) (width 0.1))
    (fp_line (start -1 -0.625) (end 1 -0.625) (layer F.Fab) (width 0.1))
    (fp_line (start 1 -0.625) (end 1 0.625) (layer F.Fab) (width 0.1))
    (fp_line (start 1 0.625) (end -1 0.625) (layer F.Fab) (width 0.1))
    (fp_line (start -0.261252 -0.735) (end 0.261252 -0.735) (layer F.SilkS) (width 0.12))
    (fp_line (start -0.261252 0.735) (end 0.261252 0.735) (layer F.SilkS) (width 0.12))
    (fp_line (start -1.88 0.98) (end -1.88 -0.98) (layer F.CrtYd) (width 0.05))
    (fp_line (start -1.88 -0.98) (end 1.88 -0.98) (layer F.CrtYd) (width 0.05))
    (fp_line (start 1.88 -0.98) (end 1.88 0.98) (layer F.CrtYd) (width 0.05))
    (fp_line (start 1.88 0.98) (end -1.88 0.98) (layer F.CrtYd) (width 0.05))
    (fp_text user %R (at 0 0) (layer F.Fab)
      (effects (font (size 0.4 0.4) (thickness 0.06)))
    )
    (pad 2 smd roundrect (at 1.0375 0) (size 1.175 1.45) (layers Top F.Paste F.Mask) (roundrect_rratio 0.2127659574468085)
      (net 40 "Net-(C30-Pad2)"))
    (pad 1 smd roundrect (at -1.0375 0) (size 1.175 1.45) (layers Top F.Paste F.Mask) (roundrect_rratio 0.2127659574468085)
      (net 41 "Net-(C30-Pad1)"))
    (model ${KISYS3DMOD}/Capacitor_SMD.3dshapes/C_0805_2012Metric.wrl
      (at (xyz 0 0 0))
      (scale (xyz 1 1 1))
      (rotate (xyz 0 0 0))
    )
  )

  (module Capacitor_SMD:C_0805_2012Metric_Pad1.18x1.45mm_HandSolder (layer Top) (tedit 5F68FEEF) (tstamp 6105946C)
    (at 113.8401 101.346)
    (descr "Capacitor SMD 0805 (2012 Metric), square (rectangular) end terminal, IPC_7351 nominal with elongated pad for handsoldering. (Body size source: IPC-SM-782 page 76, https://www.pcb-3d.com/wordpress/wp-content/uploads/ipc-sm-782a_amendment_1_and_2.pdf, https://docs.google.com/spreadsheets/d/1BsfQQcO9C6DZCsRaXUlFlo91Tg2WpOkGARC1WS5S8t0/edit?usp=sharing), generated with kicad-footprint-generator")
    (tags "capacitor handsolder")
    (path /6105A17D/9D093897)
    (attr smd)
    (fp_text reference C14 (at -1.27 -1.27) (layer F.SilkS)
      (effects (font (size 1.2065 1.2065) (thickness 0.09652)) (justify left bottom))
    )
    (fp_text value .02u (at -1.27 2.54) (layer F.Fab)
      (effects (font (size 1.2065 1.2065) (thickness 0.09652)) (justify left bottom))
    )
    (fp_line (start -1 0.625) (end -1 -0.625) (layer F.Fab) (width 0.1))
    (fp_line (start -1 -0.625) (end 1 -0.625) (layer F.Fab) (width 0.1))
    (fp_line (start 1 -0.625) (end 1 0.625) (layer F.Fab) (width 0.1))
    (fp_line (start 1 0.625) (end -1 0.625) (layer F.Fab) (width 0.1))
    (fp_line (start -0.261252 -0.735) (end 0.261252 -0.735) (layer F.SilkS) (width 0.12))
    (fp_line (start -0.261252 0.735) (end 0.261252 0.735) (layer F.SilkS) (width 0.12))
    (fp_line (start -1.88 0.98) (end -1.88 -0.98) (layer F.CrtYd) (width 0.05))
    (fp_line (start -1.88 -0.98) (end 1.88 -0.98) (layer F.CrtYd) (width 0.05))
    (fp_line (start 1.88 -0.98) (end 1.88 0.98) (layer F.CrtYd) (width 0.05))
    (fp_line (start 1.88 0.98) (end -1.88 0.98) (layer F.CrtYd) (width 0.05))
    (fp_text user %R (at 0 0) (layer F.Fab)
      (effects (font (size 0.4 0.4) (thickness 0.06)))
    )
    (pad 2 smd roundrect (at 1.0375 0) (size 1.175 1.45) (layers Top F.Paste F.Mask) (roundrect_rratio 0.2127659574468085)
      (net 24 "Net-(C14-Pad2)"))
    (pad 1 smd roundrect (at -1.0375 0) (size 1.175 1.45) (layers Top F.Paste F.Mask) (roundrect_rratio 0.2127659574468085)
      (net 25 "Net-(C14-Pad1)"))
    (model ${KISYS3DMOD}/Capacitor_SMD.3dshapes/C_0805_2012Metric.wrl
      (at (xyz 0 0 0))
      (scale (xyz 1 1 1))
      (rotate (xyz 0 0 0))
    )
  )

  (module Capacitor_SMD:C_0805_2012Metric_Pad1.18x1.45mm_HandSolder (layer Top) (tedit 5F68FEEF) (tstamp 610593C8)
    (at 115.1675 135.636)
    (descr "Capacitor SMD 0805 (2012 Metric), square (rectangular) end terminal, IPC_7351 nominal with elongated pad for handsoldering. (Body size source: IPC-SM-782 page 76, https://www.pcb-3d.com/wordpress/wp-content/uploads/ipc-sm-782a_amendment_1_and_2.pdf, https://docs.google.com/spreadsheets/d/1BsfQQcO9C6DZCsRaXUlFlo91Tg2WpOkGARC1WS5S8t0/edit?usp=sharing), generated with kicad-footprint-generator")
    (tags "capacitor handsolder")
    (path /6105A17D/E6471815)
    (attr smd)
    (fp_text reference C10 (at -1.7057 -1.16332) (layer F.SilkS)
      (effects (font (size 1.2065 1.2065) (thickness 0.09652)) (justify left bottom))
    )
    (fp_text value .01u (at -1.27 2.54) (layer F.Fab)
      (effects (font (size 1.2065 1.2065) (thickness 0.09652)) (justify left bottom))
    )
    (fp_line (start -1 0.625) (end -1 -0.625) (layer F.Fab) (width 0.1))
    (fp_line (start -1 -0.625) (end 1 -0.625) (layer F.Fab) (width 0.1))
    (fp_line (start 1 -0.625) (end 1 0.625) (layer F.Fab) (width 0.1))
    (fp_line (start 1 0.625) (end -1 0.625) (layer F.Fab) (width 0.1))
    (fp_line (start -0.261252 -0.735) (end 0.261252 -0.735) (layer F.SilkS) (width 0.12))
    (fp_line (start -0.261252 0.735) (end 0.261252 0.735) (layer F.SilkS) (width 0.12))
    (fp_line (start -1.88 0.98) (end -1.88 -0.98) (layer F.CrtYd) (width 0.05))
    (fp_line (start -1.88 -0.98) (end 1.88 -0.98) (layer F.CrtYd) (width 0.05))
    (fp_line (start 1.88 -0.98) (end 1.88 0.98) (layer F.CrtYd) (width 0.05))
    (fp_line (start 1.88 0.98) (end -1.88 0.98) (layer F.CrtYd) (width 0.05))
    (fp_text user %R (at 0 0) (layer F.Fab)
      (effects (font (size 0.4 0.4) (thickness 0.06)))
    )
    (pad 2 smd roundrect (at 1.0375 0) (size 1.175 1.45) (layers Top F.Paste F.Mask) (roundrect_rratio 0.2127659574468085)
      (net 20 "Net-(C10-Pad2)"))
    (pad 1 smd roundrect (at -1.0375 0) (size 1.175 1.45) (layers Top F.Paste F.Mask) (roundrect_rratio 0.2127659574468085)
      (net 21 "Net-(C10-Pad1)"))
    (model ${KISYS3DMOD}/Capacitor_SMD.3dshapes/C_0805_2012Metric.wrl
      (at (xyz 0 0 0))
      (scale (xyz 1 1 1))
      (rotate (xyz 0 0 0))
    )
  )

  (module Capacitor_SMD:C_0805_2012Metric_Pad1.18x1.45mm_HandSolder (layer Top) (tedit 5F68FEEF) (tstamp 61059382)
    (at 132.08 124.968 270)
    (descr "Capacitor SMD 0805 (2012 Metric), square (rectangular) end terminal, IPC_7351 nominal with elongated pad for handsoldering. (Body size source: IPC-SM-782 page 76, https://www.pcb-3d.com/wordpress/wp-content/uploads/ipc-sm-782a_amendment_1_and_2.pdf, https://docs.google.com/spreadsheets/d/1BsfQQcO9C6DZCsRaXUlFlo91Tg2WpOkGARC1WS5S8t0/edit?usp=sharing), generated with kicad-footprint-generator")
    (tags "capacitor handsolder")
    (path /6105A17D/2F4B506D)
    (attr smd)
    (fp_text reference C8 (at -1.27 1.27 90) (layer F.SilkS)
      (effects (font (size 1.2065 1.2065) (thickness 0.09652)) (justify right bottom))
    )
    (fp_text value .01u (at -1.27 2.54 90) (layer F.Fab)
      (effects (font (size 1.2065 1.2065) (thickness 0.09652)) (justify right bottom))
    )
    (fp_line (start -1 0.625) (end -1 -0.625) (layer F.Fab) (width 0.1))
    (fp_line (start -1 -0.625) (end 1 -0.625) (layer F.Fab) (width 0.1))
    (fp_line (start 1 -0.625) (end 1 0.625) (layer F.Fab) (width 0.1))
    (fp_line (start 1 0.625) (end -1 0.625) (layer F.Fab) (width 0.1))
    (fp_line (start -0.261252 -0.735) (end 0.261252 -0.735) (layer F.SilkS) (width 0.12))
    (fp_line (start -0.261252 0.735) (end 0.261252 0.735) (layer F.SilkS) (width 0.12))
    (fp_line (start -1.88 0.98) (end -1.88 -0.98) (layer F.CrtYd) (width 0.05))
    (fp_line (start -1.88 -0.98) (end 1.88 -0.98) (layer F.CrtYd) (width 0.05))
    (fp_line (start 1.88 -0.98) (end 1.88 0.98) (layer F.CrtYd) (width 0.05))
    (fp_line (start 1.88 0.98) (end -1.88 0.98) (layer F.CrtYd) (width 0.05))
    (fp_text user %R (at 0 0 90) (layer F.Fab)
      (effects (font (size 0.4 0.4) (thickness 0.06)))
    )
    (pad 2 smd roundrect (at 1.0375 0 270) (size 1.175 1.45) (layers Top F.Paste F.Mask) (roundrect_rratio 0.2127659574468085)
      (net 2 GND))
    (pad 1 smd roundrect (at -1.0375 0 270) (size 1.175 1.45) (layers Top F.Paste F.Mask) (roundrect_rratio 0.2127659574468085)
      (net 6 RECT_1))
    (model ${KISYS3DMOD}/Capacitor_SMD.3dshapes/C_0805_2012Metric.wrl
      (at (xyz 0 0 0))
      (scale (xyz 1 1 1))
      (rotate (xyz 0 0 0))
    )
  )

  (module Capacitor_SMD:C_0805_2012Metric_Pad1.18x1.45mm_HandSolder (layer Bottom) (tedit 5F68FEEF) (tstamp 610592C2)
    (at 104.0765 105.537 180)
    (descr "Capacitor SMD 0805 (2012 Metric), square (rectangular) end terminal, IPC_7351 nominal with elongated pad for handsoldering. (Body size source: IPC-SM-782 page 76, https://www.pcb-3d.com/wordpress/wp-content/uploads/ipc-sm-782a_amendment_1_and_2.pdf, https://docs.google.com/spreadsheets/d/1BsfQQcO9C6DZCsRaXUlFlo91Tg2WpOkGARC1WS5S8t0/edit?usp=sharing), generated with kicad-footprint-generator")
    (tags "capacitor handsolder")
    (path /61059FC9/24F56349)
    (attr smd)
    (fp_text reference C1 (at -1.016 -2.286) (layer B.SilkS)
      (effects (font (size 1.2065 1.2065) (thickness 0.09652)) (justify left bottom mirror))
    )
    (fp_text value C-USC0805 (at -1.27 -2.54) (layer B.Fab)
      (effects (font (size 1.2065 1.2065) (thickness 0.09652)) (justify left bottom mirror))
    )
    (fp_line (start -1 -0.625) (end -1 0.625) (layer B.Fab) (width 0.1))
    (fp_line (start -1 0.625) (end 1 0.625) (layer B.Fab) (width 0.1))
    (fp_line (start 1 0.625) (end 1 -0.625) (layer B.Fab) (width 0.1))
    (fp_line (start 1 -0.625) (end -1 -0.625) (layer B.Fab) (width 0.1))
    (fp_line (start -0.261252 0.735) (end 0.261252 0.735) (layer B.SilkS) (width 0.12))
    (fp_line (start -0.261252 -0.735) (end 0.261252 -0.735) (layer B.SilkS) (width 0.12))
    (fp_line (start -1.88 -0.98) (end -1.88 0.98) (layer B.CrtYd) (width 0.05))
    (fp_line (start -1.88 0.98) (end 1.88 0.98) (layer B.CrtYd) (width 0.05))
    (fp_line (start 1.88 0.98) (end 1.88 -0.98) (layer B.CrtYd) (width 0.05))
    (fp_line (start 1.88 -0.98) (end -1.88 -0.98) (layer B.CrtYd) (width 0.05))
    (fp_text user %R (at 0 0) (layer B.Fab)
      (effects (font (size 0.4 0.4) (thickness 0.06)) (justify mirror))
    )
    (pad 2 smd roundrect (at 1.0375 0 180) (size 1.175 1.45) (layers Bottom B.Paste B.Mask) (roundrect_rratio 0.2127659574468085)
      (net 2 GND))
    (pad 1 smd roundrect (at -1.0375 0 180) (size 1.175 1.45) (layers Bottom B.Paste B.Mask) (roundrect_rratio 0.2127659574468085)
      (net 3 VGND))
    (model ${KISYS3DMOD}/Capacitor_SMD.3dshapes/C_0805_2012Metric.wrl
      (at (xyz 0 0 0))
      (scale (xyz 1 1 1))
      (rotate (xyz 0 0 0))
    )
  )

  (module Capacitor_SMD:C_0805_2012Metric_Pad1.18x1.45mm_HandSolder (layer Bottom) (tedit 5F68FEEF) (tstamp 610592D0)
    (at 100.0125 101.981 90)
    (descr "Capacitor SMD 0805 (2012 Metric), square (rectangular) end terminal, IPC_7351 nominal with elongated pad for handsoldering. (Body size source: IPC-SM-782 page 76, https://www.pcb-3d.com/wordpress/wp-content/uploads/ipc-sm-782a_amendment_1_and_2.pdf, https://docs.google.com/spreadsheets/d/1BsfQQcO9C6DZCsRaXUlFlo91Tg2WpOkGARC1WS5S8t0/edit?usp=sharing), generated with kicad-footprint-generator")
    (tags "capacitor handsolder")
    (path /61059FC9/4071D1F9)
    (attr smd)
    (fp_text reference C2 (at 1.181 -1.2625 270) (layer B.SilkS)
      (effects (font (size 1.2065 1.2065) (thickness 0.09652)) (justify left bottom mirror))
    )
    (fp_text value C-USC0805 (at -1.27 -2.54 270) (layer B.Fab)
      (effects (font (size 1.2065 1.2065) (thickness 0.09652)) (justify left bottom mirror))
    )
    (fp_line (start -1 -0.625) (end -1 0.625) (layer B.Fab) (width 0.1))
    (fp_line (start -1 0.625) (end 1 0.625) (layer B.Fab) (width 0.1))
    (fp_line (start 1 0.625) (end 1 -0.625) (layer B.Fab) (width 0.1))
    (fp_line (start 1 -0.625) (end -1 -0.625) (layer B.Fab) (width 0.1))
    (fp_line (start -0.261252 0.735) (end 0.261252 0.735) (layer B.SilkS) (width 0.12))
    (fp_line (start -0.261252 -0.735) (end 0.261252 -0.735) (layer B.SilkS) (width 0.12))
    (fp_line (start -1.88 -0.98) (end -1.88 0.98) (layer B.CrtYd) (width 0.05))
    (fp_line (start -1.88 0.98) (end 1.88 0.98) (layer B.CrtYd) (width 0.05))
    (fp_line (start 1.88 0.98) (end 1.88 -0.98) (layer B.CrtYd) (width 0.05))
    (fp_line (start 1.88 -0.98) (end -1.88 -0.98) (layer B.CrtYd) (width 0.05))
    (fp_text user %R (at 0 0 90) (layer B.Fab)
      (effects (font (size 0.4 0.4) (thickness 0.06)) (justify mirror))
    )
    (pad 2 smd roundrect (at 1.0375 0 90) (size 1.175 1.45) (layers Bottom B.Paste B.Mask) (roundrect_rratio 0.2127659574468085)
      (net 2 GND))
    (pad 1 smd roundrect (at -1.0375 0 90) (size 1.175 1.45) (layers Bottom B.Paste B.Mask) (roundrect_rratio 0.2127659574468085)
      (net 1 VCC))
    (model ${KISYS3DMOD}/Capacitor_SMD.3dshapes/C_0805_2012Metric.wrl
      (at (xyz 0 0 0))
      (scale (xyz 1 1 1))
      (rotate (xyz 0 0 0))
    )
  )

  (module Capacitor_SMD:C_0805_2012Metric_Pad1.18x1.45mm_HandSolder (layer Bottom) (tedit 5F68FEEF) (tstamp 610592DE)
    (at 201.1934 138.06678)
    (descr "Capacitor SMD 0805 (2012 Metric), square (rectangular) end terminal, IPC_7351 nominal with elongated pad for handsoldering. (Body size source: IPC-SM-782 page 76, https://www.pcb-3d.com/wordpress/wp-content/uploads/ipc-sm-782a_amendment_1_and_2.pdf, https://docs.google.com/spreadsheets/d/1BsfQQcO9C6DZCsRaXUlFlo91Tg2WpOkGARC1WS5S8t0/edit?usp=sharing), generated with kicad-footprint-generator")
    (tags "capacitor handsolder")
    (path /61059FC9/00CB58E1)
    (attr smd)
    (fp_text reference C3 (at 0.95 -1.27) (layer B.SilkS)
      (effects (font (size 1.2065 1.2065) (thickness 0.09652)) (justify left bottom mirror))
    )
    (fp_text value C-USC0805 (at 3.0961 3.81) (layer B.Fab)
      (effects (font (size 1.2065 1.2065) (thickness 0.09652)) (justify left bottom mirror))
    )
    (fp_line (start -1 -0.625) (end -1 0.625) (layer B.Fab) (width 0.1))
    (fp_line (start -1 0.625) (end 1 0.625) (layer B.Fab) (width 0.1))
    (fp_line (start 1 0.625) (end 1 -0.625) (layer B.Fab) (width 0.1))
    (fp_line (start 1 -0.625) (end -1 -0.625) (layer B.Fab) (width 0.1))
    (fp_line (start -0.261252 0.735) (end 0.261252 0.735) (layer B.SilkS) (width 0.12))
    (fp_line (start -0.261252 -0.735) (end 0.261252 -0.735) (layer B.SilkS) (width 0.12))
    (fp_line (start -1.88 -0.98) (end -1.88 0.98) (layer B.CrtYd) (width 0.05))
    (fp_line (start -1.88 0.98) (end 1.88 0.98) (layer B.CrtYd) (width 0.05))
    (fp_line (start 1.88 0.98) (end 1.88 -0.98) (layer B.CrtYd) (width 0.05))
    (fp_line (start 1.88 -0.98) (end -1.88 -0.98) (layer B.CrtYd) (width 0.05))
    (fp_text user %R (at 0 0) (layer B.Fab)
      (effects (font (size 0.4 0.4) (thickness 0.06)) (justify mirror))
    )
    (pad 2 smd roundrect (at 1.0375 0) (size 1.175 1.45) (layers Bottom B.Paste B.Mask) (roundrect_rratio 0.2127659574468085)
      (net 2 GND))
    (pad 1 smd roundrect (at -1.0375 0) (size 1.175 1.45) (layers Bottom B.Paste B.Mask) (roundrect_rratio 0.2127659574468085)
      (net 5 VCLAMP))
    (model ${KISYS3DMOD}/Capacitor_SMD.3dshapes/C_0805_2012Metric.wrl
      (at (xyz 0 0 0))
      (scale (xyz 1 1 1))
      (rotate (xyz 0 0 0))
    )
  )

  (module Capacitor_SMD:C_0805_2012Metric_Pad1.18x1.45mm_HandSolder (layer Bottom) (tedit 5F68FEEF) (tstamp 610592EC)
    (at 197.1294 133.81478 270)
    (descr "Capacitor SMD 0805 (2012 Metric), square (rectangular) end terminal, IPC_7351 nominal with elongated pad for handsoldering. (Body size source: IPC-SM-782 page 76, https://www.pcb-3d.com/wordpress/wp-content/uploads/ipc-sm-782a_amendment_1_and_2.pdf, https://docs.google.com/spreadsheets/d/1BsfQQcO9C6DZCsRaXUlFlo91Tg2WpOkGARC1WS5S8t0/edit?usp=sharing), generated with kicad-footprint-generator")
    (tags "capacitor handsolder")
    (path /61059FC9/8B5AD75A)
    (attr smd)
    (fp_text reference C4 (at -1.62302 1.39192 270) (layer B.SilkS)
      (effects (font (size 1.2065 1.2065) (thickness 0.09652)) (justify left bottom mirror))
    )
    (fp_text value C-USC0805 (at -1.27 -2.54 270) (layer B.Fab)
      (effects (font (size 1.2065 1.2065) (thickness 0.09652)) (justify left bottom mirror))
    )
    (fp_line (start -1 -0.625) (end -1 0.625) (layer B.Fab) (width 0.1))
    (fp_line (start -1 0.625) (end 1 0.625) (layer B.Fab) (width 0.1))
    (fp_line (start 1 0.625) (end 1 -0.625) (layer B.Fab) (width 0.1))
    (fp_line (start 1 -0.625) (end -1 -0.625) (layer B.Fab) (width 0.1))
    (fp_line (start -0.261252 0.735) (end 0.261252 0.735) (layer B.SilkS) (width 0.12))
    (fp_line (start -0.261252 -0.735) (end 0.261252 -0.735) (layer B.SilkS) (width 0.12))
    (fp_line (start -1.88 -0.98) (end -1.88 0.98) (layer B.CrtYd) (width 0.05))
    (fp_line (start -1.88 0.98) (end 1.88 0.98) (layer B.CrtYd) (width 0.05))
    (fp_line (start 1.88 0.98) (end 1.88 -0.98) (layer B.CrtYd) (width 0.05))
    (fp_line (start 1.88 -0.98) (end -1.88 -0.98) (layer B.CrtYd) (width 0.05))
    (fp_text user %R (at 0 0 90) (layer B.Fab)
      (effects (font (size 0.4 0.4) (thickness 0.06)) (justify mirror))
    )
    (pad 2 smd roundrect (at 1.0375 0 270) (size 1.175 1.45) (layers Bottom B.Paste B.Mask) (roundrect_rratio 0.2127659574468085)
      (net 2 GND))
    (pad 1 smd roundrect (at -1.0375 0 270) (size 1.175 1.45) (layers Bottom B.Paste B.Mask) (roundrect_rratio 0.2127659574468085)
      (net 1 VCC))
    (model ${KISYS3DMOD}/Capacitor_SMD.3dshapes/C_0805_2012Metric.wrl
      (at (xyz 0 0 0))
      (scale (xyz 1 1 1))
      (rotate (xyz 0 0 0))
    )
  )

  (module Capacitor_SMD:C_0805_2012Metric_Pad1.18x1.45mm_HandSolder (layer Top) (tedit 5F68FEEF) (tstamp 6105932C)
    (at 114.8714 121.285)
    (descr "Capacitor SMD 0805 (2012 Metric), square (rectangular) end terminal, IPC_7351 nominal with elongated pad for handsoldering. (Body size source: IPC-SM-782 page 76, https://www.pcb-3d.com/wordpress/wp-content/uploads/ipc-sm-782a_amendment_1_and_2.pdf, https://docs.google.com/spreadsheets/d/1BsfQQcO9C6DZCsRaXUlFlo91Tg2WpOkGARC1WS5S8t0/edit?usp=sharing), generated with kicad-footprint-generator")
    (tags "capacitor handsolder")
    (path /6105A17D/A35C59BC)
    (attr smd)
    (fp_text reference C5 (at -1.0794 -1.0641) (layer F.SilkS)
      (effects (font (size 1.2065 1.2065) (thickness 0.09652)) (justify left bottom))
    )
    (fp_text value .01u (at -1.27 2.54) (layer F.Fab)
      (effects (font (size 1.2065 1.2065) (thickness 0.09652)) (justify left bottom))
    )
    (fp_line (start -1 0.625) (end -1 -0.625) (layer F.Fab) (width 0.1))
    (fp_line (start -1 -0.625) (end 1 -0.625) (layer F.Fab) (width 0.1))
    (fp_line (start 1 -0.625) (end 1 0.625) (layer F.Fab) (width 0.1))
    (fp_line (start 1 0.625) (end -1 0.625) (layer F.Fab) (width 0.1))
    (fp_line (start -0.261252 -0.735) (end 0.261252 -0.735) (layer F.SilkS) (width 0.12))
    (fp_line (start -0.261252 0.735) (end 0.261252 0.735) (layer F.SilkS) (width 0.12))
    (fp_line (start -1.88 0.98) (end -1.88 -0.98) (layer F.CrtYd) (width 0.05))
    (fp_line (start -1.88 -0.98) (end 1.88 -0.98) (layer F.CrtYd) (width 0.05))
    (fp_line (start 1.88 -0.98) (end 1.88 0.98) (layer F.CrtYd) (width 0.05))
    (fp_line (start 1.88 0.98) (end -1.88 0.98) (layer F.CrtYd) (width 0.05))
    (fp_text user %R (at 0 0) (layer F.Fab)
      (effects (font (size 0.4 0.4) (thickness 0.06)))
    )
    (pad 2 smd roundrect (at 1.0375 0) (size 1.175 1.45) (layers Top F.Paste F.Mask) (roundrect_rratio 0.2127659574468085)
      (net 14 "Net-(C5-Pad2)"))
    (pad 1 smd roundrect (at -1.0375 0) (size 1.175 1.45) (layers Top F.Paste F.Mask) (roundrect_rratio 0.2127659574468085)
      (net 15 "Net-(C5-Pad1)"))
    (model ${KISYS3DMOD}/Capacitor_SMD.3dshapes/C_0805_2012Metric.wrl
      (at (xyz 0 0 0))
      (scale (xyz 1 1 1))
      (rotate (xyz 0 0 0))
    )
  )

  (module Capacitor_SMD:C_0805_2012Metric_Pad1.18x1.45mm_HandSolder (layer Top) (tedit 5F68FEEF) (tstamp 6105933A)
    (at 120.65 116.84 180)
    (descr "Capacitor SMD 0805 (2012 Metric), square (rectangular) end terminal, IPC_7351 nominal with elongated pad for handsoldering. (Body size source: IPC-SM-782 page 76, https://www.pcb-3d.com/wordpress/wp-content/uploads/ipc-sm-782a_amendment_1_and_2.pdf, https://docs.google.com/spreadsheets/d/1BsfQQcO9C6DZCsRaXUlFlo91Tg2WpOkGARC1WS5S8t0/edit?usp=sharing), generated with kicad-footprint-generator")
    (tags "capacitor handsolder")
    (path /6105A17D/0CFD014E)
    (attr smd)
    (fp_text reference C6 (at 1.27 1.016) (layer F.SilkS)
      (effects (font (size 1.2065 1.2065) (thickness 0.09652)) (justify left bottom))
    )
    (fp_text value .01u (at -1.27 2.54) (layer F.Fab)
      (effects (font (size 1.2065 1.2065) (thickness 0.09652)) (justify left bottom))
    )
    (fp_line (start -1 0.625) (end -1 -0.625) (layer F.Fab) (width 0.1))
    (fp_line (start -1 -0.625) (end 1 -0.625) (layer F.Fab) (width 0.1))
    (fp_line (start 1 -0.625) (end 1 0.625) (layer F.Fab) (width 0.1))
    (fp_line (start 1 0.625) (end -1 0.625) (layer F.Fab) (width 0.1))
    (fp_line (start -0.261252 -0.735) (end 0.261252 -0.735) (layer F.SilkS) (width 0.12))
    (fp_line (start -0.261252 0.735) (end 0.261252 0.735) (layer F.SilkS) (width 0.12))
    (fp_line (start -1.88 0.98) (end -1.88 -0.98) (layer F.CrtYd) (width 0.05))
    (fp_line (start -1.88 -0.98) (end 1.88 -0.98) (layer F.CrtYd) (width 0.05))
    (fp_line (start 1.88 -0.98) (end 1.88 0.98) (layer F.CrtYd) (width 0.05))
    (fp_line (start 1.88 0.98) (end -1.88 0.98) (layer F.CrtYd) (width 0.05))
    (fp_text user %R (at 0 0) (layer F.Fab)
      (effects (font (size 0.4 0.4) (thickness 0.06)))
    )
    (pad 2 smd roundrect (at 1.0375 0 180) (size 1.175 1.45) (layers Top F.Paste F.Mask) (roundrect_rratio 0.2127659574468085)
      (net 15 "Net-(C5-Pad1)"))
    (pad 1 smd roundrect (at -1.0375 0 180) (size 1.175 1.45) (layers Top F.Paste F.Mask) (roundrect_rratio 0.2127659574468085)
      (net 16 "Net-(C6-Pad1)"))
    (model ${KISYS3DMOD}/Capacitor_SMD.3dshapes/C_0805_2012Metric.wrl
      (at (xyz 0 0 0))
      (scale (xyz 1 1 1))
      (rotate (xyz 0 0 0))
    )
  )

  (module Capacitor_SMD:C_0805_2012Metric_Pad1.18x1.45mm_HandSolder (layer Top) (tedit 5F68FEEF) (tstamp 61059366)
    (at 125.984 120.396)
    (descr "Capacitor SMD 0805 (2012 Metric), square (rectangular) end terminal, IPC_7351 nominal with elongated pad for handsoldering. (Body size source: IPC-SM-782 page 76, https://www.pcb-3d.com/wordpress/wp-content/uploads/ipc-sm-782a_amendment_1_and_2.pdf, https://docs.google.com/spreadsheets/d/1BsfQQcO9C6DZCsRaXUlFlo91Tg2WpOkGARC1WS5S8t0/edit?usp=sharing), generated with kicad-footprint-generator")
    (tags "capacitor handsolder")
    (path /6105A17D/49F108FA)
    (attr smd)
    (fp_text reference C7 (at -1.016 -1.016) (layer F.SilkS)
      (effects (font (size 1.2065 1.2065) (thickness 0.09652)) (justify left bottom))
    )
    (fp_text value 22u (at -1.27 2.54) (layer F.Fab)
      (effects (font (size 1.2065 1.2065) (thickness 0.09652)) (justify left bottom))
    )
    (fp_line (start -1 0.625) (end -1 -0.625) (layer F.Fab) (width 0.1))
    (fp_line (start -1 -0.625) (end 1 -0.625) (layer F.Fab) (width 0.1))
    (fp_line (start 1 -0.625) (end 1 0.625) (layer F.Fab) (width 0.1))
    (fp_line (start 1 0.625) (end -1 0.625) (layer F.Fab) (width 0.1))
    (fp_line (start -0.261252 -0.735) (end 0.261252 -0.735) (layer F.SilkS) (width 0.12))
    (fp_line (start -0.261252 0.735) (end 0.261252 0.735) (layer F.SilkS) (width 0.12))
    (fp_line (start -1.88 0.98) (end -1.88 -0.98) (layer F.CrtYd) (width 0.05))
    (fp_line (start -1.88 -0.98) (end 1.88 -0.98) (layer F.CrtYd) (width 0.05))
    (fp_line (start 1.88 -0.98) (end 1.88 0.98) (layer F.CrtYd) (width 0.05))
    (fp_line (start 1.88 0.98) (end -1.88 0.98) (layer F.CrtYd) (width 0.05))
    (fp_text user %R (at 0 0) (layer F.Fab)
      (effects (font (size 0.4 0.4) (thickness 0.06)))
    )
    (pad 2 smd roundrect (at 1.0375 0) (size 1.175 1.45) (layers Top F.Paste F.Mask) (roundrect_rratio 0.2127659574468085)
      (net 17 "Net-(C7-Pad2)"))
    (pad 1 smd roundrect (at -1.0375 0) (size 1.175 1.45) (layers Top F.Paste F.Mask) (roundrect_rratio 0.2127659574468085)
      (net 16 "Net-(C6-Pad1)"))
    (model ${KISYS3DMOD}/Capacitor_SMD.3dshapes/C_0805_2012Metric.wrl
      (at (xyz 0 0 0))
      (scale (xyz 1 1 1))
      (rotate (xyz 0 0 0))
    )
  )

  (module Capacitor_SMD:C_0805_2012Metric_Pad1.18x1.45mm_HandSolder (layer Bottom) (tedit 5F68FEEF) (tstamp 6105939E)
    (at 96.774 121.92)
